Chess_Ridley
Northern Flying Squirrel
Olympic Marmot
Gelada
Greater Mouse Deer
Fig-eating Bat
Aardvark
Sun Bear
Paradise Flying Snake
Sunda Colugo
Addax
Spotted-neck Otter
Maned Wolf
Mountain Beaver
Quokka
Puma
Indri
Saiga
Polar Bear
Delacour's Langur
Luzon Giant Cloud Rat
Moonrat
Southern Tamandua
Narwhal
White-faced Capuchin
Zorilla
Ginkgo
Platypus
Saimaa Ringed Seal
Mudskipper
Horseshoe Crab
Cyanobacteria
Starry Sturgeon
Frilled Shark
Gelada
Fig-eating Bat
Sun Bear
Sunda Colugo
Spotted-neck Otter
Maned Wolf
Quokka
Indri
Delacour's Langur
Moonrat
Narwhal
Zorilla
Platypus
Mudskipper
Cyanobacteria
Starry Sturgeon
Gelada
Sun Bear
Maned Wolf
Quokka
Moonrat
Narwhal
Mudskipper
Cyanobacteria
Gelada
Maned Wolf
Narwhal
Cyanobacteria
Maned Wolf
Cyanobacteria
Maned Wolf
